-1.000000000000000000e+01 4.024123848644196172e-02
-9.210526315789474339e+00 1.740314083177455506e-01
-8.421052631578946901e+00 -3.241352569215830703e-01
-7.631578947368421240e+00 2.599520608890751316e-01
-6.842105263157894690e+00 5.028287173632602081e-02
-6.052631578947368141e+00 -3.445622269665105653e-01
-5.263157894736842479e+00 2.096800987037521213e-01
-4.473684210526315930e+00 2.779329950452048559e-01
-3.684210526315789380e+00 -2.910827409418421663e-01
-2.894736842105262831e+00 -3.396746490549975017e-01
-2.105263157894736281e+00 1.600148365810658835e-01
-1.315789473684210620e+00 5.094731460823569424e-01
-5.263157894736849585e-01 4.810145384137693436e-01
2.631578947368424792e-01 2.878932087625592495e-01
1.052631578947368141e+00 1.271029839247164728e-01
1.842105263157895578e+00 4.422506522138791585e-02
2.631578947368421240e+00 1.259381201201467335e-02
3.421052631578946901e+00 3.008629578234402278e-03
4.210526315789474339e+00 6.137356560340532716e-04
5.000000000000000000e+00 1.083444281360743274e-04