1.000000000000000056e-01 4.904865443796572855e+00 2.000000000000000111e-01
2.000000000000000111e-01 4.709785610229333841e+00 2.000000000000000111e-01
2.999999999999999889e-01 4.682195089421968603e+00 2.000000000000000111e-01
4.000000000000000222e-01 4.648509372622351421e+00 2.000000000000000111e-01
5.000000000000000000e-01 4.807402412205767028e+00 2.000000000000000111e-01
5.999999999999999778e-01 4.389137817691825205e+00 2.000000000000000111e-01
6.999999999999999556e-01 3.921105859517551639e+00 2.000000000000000111e-01
7.999999999999999334e-01 4.108352184554176389e+00 2.000000000000000111e-01
8.999999999999999112e-01 3.704479656045094771e+00 2.000000000000000111e-01
9.999999999999998890e-01 2.562417253050757182e+00 2.000000000000000111e-01
1.099999999999999867e+00 2.557215268694888799e+00 2.000000000000000111e-01
1.199999999999999956e+00 2.280741576841441187e+00 2.000000000000000111e-01
1.300000000000000044e+00 1.391460499372502824e+00 2.000000000000000111e-01
1.399999999999999911e+00 1.258619449569279958e+00 2.000000000000000111e-01
1.500000000000000000e+00 3.365264901066952197e-01 2.000000000000000111e-01
