1.000000000000000000e+00 3.900642292133622568e+00 2.000000000000000000e+00
1.583333333333333481e+00 2.763513207318641030e+00 2.000000000000000000e+00
2.166666666666666963e+00 9.560972543340547247e+00 2.000000000000000000e+00
2.750000000000000000e+00 9.114281834257553783e+00 2.000000000000000000e+00
3.333333333333333481e+00 1.040837303214774145e+01 2.000000000000000000e+00
3.916666666666666963e+00 1.528493633524215767e+01 2.000000000000000000e+00
4.500000000000000000e+00 1.959883435378185013e+01 2.000000000000000000e+00
5.083333333333333925e+00 2.124218358492817771e+01 2.000000000000000000e+00
5.666666666666666963e+00 2.317417186569887733e+01 2.000000000000000000e+00
6.250000000000000000e+00 3.007479678395215927e+01 2.000000000000000000e+00
6.833333333333333925e+00 3.120713674961120176e+01 2.000000000000000000e+00
7.416666666666666963e+00 3.612376775709009991e+01 2.000000000000000000e+00
8.000000000000000000e+00 3.817754634556128224e+01 2.000000000000000000e+00
8.583333333333333925e+00 4.249325141143894768e+01 2.000000000000000000e+00
9.166666666666667851e+00 4.535626204162245756e+01 2.000000000000000000e+00
9.750000000000000000e+00 5.068804808236411930e+01 2.000000000000000000e+00
1.033333333333333393e+01 5.245572582411706009e+01 2.000000000000000000e+00
1.091666666666666785e+01 5.315655320552180996e+01 2.000000000000000000e+00
1.150000000000000000e+01 5.492979155046046458e+01 2.000000000000000000e+00
1.208333333333333393e+01 5.650762736754497695e+01 2.000000000000000000e+00
1.266666666666666785e+01 5.469421315417228158e+01 2.000000000000000000e+00
1.325000000000000000e+01 6.535711208325031407e+01 2.000000000000000000e+00
1.383333333333333393e+01 6.462659868790359496e+01 2.000000000000000000e+00
1.441666666666666785e+01 6.587765371550349869e+01 2.000000000000000000e+00
1.500000000000000000e+01 6.303566395876889317e+01 2.000000000000000000e+00
