1.000000000000000000e+00 -1.133009626106836976e+00 6.999999999999999556e-01
1.375000000000000000e+00 -2.335364147414666025e+00 6.999999999999999556e-01
1.750000000000000000e+00 2.432354312194923152e-01 6.999999999999999556e-01
2.125000000000000000e+00 6.890540862734152450e-01 6.999999999999999556e-01
2.500000000000000000e+00 1.477189469471575478e+00 6.999999999999999556e-01
2.875000000000000000e+00 1.483354899547042249e+00 6.999999999999999556e-01
3.250000000000000000e+00 6.590949760638835642e-01 6.999999999999999556e-01
3.625000000000000000e+00 3.541107152047222595e-01 6.999999999999999556e-01
4.000000000000000000e+00 -2.882472891947814642e+00 6.999999999999999556e-01
4.375000000000000000e+00 -1.536996847711708858e+00 6.999999999999999556e-01
4.750000000000000000e+00 -4.802954547466399271e-01 6.999999999999999556e-01
5.125000000000000000e+00 -4.736838805465257152e-01 6.999999999999999556e-01
5.500000000000000000e+00 8.867329318103031044e-01 6.999999999999999556e-01
5.875000000000000000e+00 2.682721569171104825e+00 6.999999999999999556e-01
6.250000000000000000e+00 3.434940803254789010e-01 6.999999999999999556e-01
6.625000000000000000e+00 -2.299085271658987129e-01 6.999999999999999556e-01
7.000000000000000000e+00 -1.764621113945011643e+00 6.999999999999999556e-01
7.375000000000000000e+00 -3.719097743654666832e+00 6.999999999999999556e-01
7.750000000000000000e+00 -4.487652136286705007e-01 6.999999999999999556e-01
8.125000000000000000e+00 9.065425410803111816e-01 6.999999999999999556e-01
8.500000000000000000e+00 2.907387937685774304e+00 6.999999999999999556e-01
8.875000000000000000e+00 1.572278835878144099e+00 6.999999999999999556e-01
9.250000000000000000e+00 1.030606757028947884e+00 6.999999999999999556e-01
9.625000000000000000e+00 3.531741782421338738e-01 6.999999999999999556e-01
1.000000000000000000e+01 -1.783996652853025999e+00 6.999999999999999556e-01
