  1  1.002104
  2  1.001824
  3  0.997341
  4  1.005324
  5  0.995832
  6  0.995215
  7  1.000744
  8  0.998986
  9  1.005009
 10  0.997830
 11  0.994005
 12  0.997444
 13  0.997390
 14  1.005241
 15  0.999452
 16  1.004148
 17  0.991334
 18  1.000916
 19  0.997317
 20  0.996996
 21  0.992349
 22  0.997733
 23  0.999641
 24  1.000662
 25  1.001483
 26  0.999573
 27  0.995297
 28  0.999941
 29  1.000562
 30  1.002922
 31  1.002573
 32  0.997267
 33  0.999589
 34  1.002817
 35  1.001638
 36  0.993960
 37  0.998935
 38  0.997278
 39  0.996915
 40  1.001063
 41  1.004130
 42  0.998273
 43  0.996218
 44  1.002697
 45  0.999299
 46  0.997333
 47  1.000298
 48  1.001332
 49  0.994138
 50  1.002593
 51  0.998627
 52  0.999038
 53  0.998054
 54  0.994342
 55  1.000719
 56  1.000438
 57  0.999299
 58  0.996090
 59  0.998670
 60  0.995652
 61  0.999832
 62  0.999126
 63  1.000314
 64  1.002202
 65  0.996576
 66  1.000333
 67  0.999152
 68  1.001642
 69  0.993724
 70  1.003175
 71  1.003666
 72  0.995740
 73  0.998604
 74  0.998798
 75  0.998673
 76  0.995276
 77  0.998917
 78  1.001598
 79  0.996490
 80  0.999589
 81  0.993301
 82  1.000450
 83  0.995980
 84  0.998585
 85  1.001602
 86  0.995237
 87  1.003841
 88  0.995518
 89  1.003365
 90  0.993700
 91  1.000235
 92  1.001231
 93  0.997560
 94  0.999053
 95  1.002895
 96  1.002770
 97  0.994990
 98  0.999430
 99  0.999740
100  0.996557
