   0.0     295.26     1.344161
   0.5     293.15     1.344093
   1.0     293.94     1.344064
   1.5     291.69     1.344113
   2.0     291.49     1.344036
   2.5     292.20     1.344188
   3.0     291.81     1.344120
   3.5     291.57     1.344062
   4.0     291.68     1.344058
   4.5     293.07     1.344085
   5.0     291.45     1.344142
   5.5     291.87     1.344083
   6.0     293.53     1.344115
   6.5     292.93     1.344143
   7.0     292.61     1.344151
   7.5     294.23     1.344158
   8.0     294.15     1.344097
   8.5     293.80     1.344162
   9.0     292.66     1.344179
   9.5     295.06     1.344098
  10.0     294.32     1.344140
  10.5     295.19     1.344059
  11.0     294.79     1.344146
  11.5     297.70     1.344127
  12.0     297.20     1.344160
  12.5     295.19     1.344172
  13.0     297.18     1.344211
  13.5     296.15     1.344202
  14.0     297.53     1.344188
  14.5     297.37     1.344139
  15.0     298.83     1.344193
  15.5     298.06     1.344130
  16.0     297.72     1.344232
  16.5     297.52     1.344212
  17.0     297.51     1.344184
  17.5     296.87     1.344163
  18.0     297.02     1.344102
  18.5     298.15     1.344089
  19.0     297.56     1.344068
  19.5     297.22     1.344087
  20.0     296.86     1.344108
  20.5     297.33     1.344156
  21.0     297.29     1.344104
  21.5     294.63     1.344156
  22.0     294.26     1.344092
  22.5     294.75     1.344093
  23.0     294.23     1.344077
  23.5     295.09     1.343993
